,Times,0,1,10,11,12,13,2,3,4,5,6,7,8,9
0,-16.381268877851582,0.11831226143837673,0.04832597200142787,0.03366826553617995,0.0803631048840079,0.10416464826633692,0.10285388146708452,0.11106854990745584,0.09559100420006315,0.05377790650651814,0.039661296610215224,0.03732745698248927,0.03373925599827288,0.06261444394549211,0.07853195225607967
1,-15.38126887785158,0.11835852927961052,0.04864620242300525,0.033668265541959945,0.08035991293855826,0.10376437956582003,0.10285388146130452,0.11108549329504923,0.09588183854716581,0.053787450906427565,0.03966111617446872,0.03732684957406647,0.03370135401919872,0.062373014853128364,0.07853171142023675
2,-15.080238882187599,0.11840478893212754,0.04896517437058712,0.03366826554773994,0.08035672111982932,0.10336564896709696,0.10285388145552452,0.11110237666500446,0.0961715261127891,0.05379695649957765,0.03966093574588129,0.03732624220620036,0.033663495052552686,0.062132516739956824,0.07853147058513239
3,-14.779208886523618,0.11849729169972562,0.049600610983473306,0.03366826555929993,0.08035033773580322,0.10257125217528085,0.10285388144396453,0.11113602383103979,0.096748616478594,0.05381589037131993,0.039660574902966046,0.03732502755134141,0.03358786304477892,0.061653375306011816,0.0785309889164008
4,-14.603117627467936,0.11858976107286176,0.05023105234518093,0.03366826557085992,0.08034395485862149,0.10178296062081821,0.10285388143240454,0.11116943277126369,0.09732115489212594,0.05383467021130843,0.03966021408845317,0.03732381305774922,0.033512402689425985,0.06117792913830348,0.07853050725062342
5,-14.478178890859636,0.11868219641620803,0.050856536915240995,0.03366826558241991,0.0803375724882457,0.10100072735977923,0.10285388142084455,0.11120260532155189,0.09788917635845647,0.05385329720908291,0.03965985330210998,0.03732259872446837,0.033437113589808776,0.06070614972398311,0.07853002558780024
6,-13.93411084650936,0.11960454835435937,0.05684673461136569,0.033668265698019825,0.08027377665054514,0.09350186551318705,0.10285388130524463,0.11152171005919248,0.10332821818555865,0.05403140752496777,0.03965624693993454,0.03731046401063813,0.03269355734863895,0.056184114676302105,0.07852520912204584
7,-13.700027640475994,0.12052284510960724,0.06238157073347376,0.033668265813619744,0.08021003145094456,0.0865596183184467,0.10285388118964471,0.11181910013490509,0.1083522621985785,0.054195480479355136,0.039652643152085075,0.03729834432625488,0.03196669589153167,0.05199886824986126,0.07852039295169182
8,-13.548759965145344,0.12143655872407708,0.06749477198519739,0.03366826592921966,0.08014633685102153,0.08013281296081863,0.10285388107404479,0.1120963850054815,0.11299200715487899,0.0543465589181396,0.039649041737209706,0.03728623883325195,0.031256149796796515,0.0481254139531427,0.07851557707672015
9,-13.436786205701413,0.1223452163960361,0.07221768053284046,0.03366826604481958,0.08008269281210202,0.07418318431592101,0.10285388095844487,0.11235506005149933,0.11727598221347539,0.05448561177887378,0.03964544250983474,0.037274146752682064,0.030561547201531026,0.044540526934827136,0.07851076149711271
10,-13.275941690409232,0.12412096208988854,0.08049960631716888,0.03366826627281896,0.0799573148131176,0.06371194770668806,0.10285388073044549,0.11281598905362683,0.12478343758603888,0.05472804581274058,0.03963834946513132,0.037250333926445986,0.02923690411683383,0.03823369758302207,0.07850126452603319
11,-13.158831864791765,0.12587274887655234,0.08757322109725355,0.033668266500818333,0.0798321330486924,0.05471847935401252,0.10285388050244611,0.11321930735470476,0.1311890776130849,0.05493327823501747,0.03963126313108464,0.03722656556907575,0.027970189271307365,0.03281982074223181,0.07849176870371827
12,-13.06668784874318,0.12759851038215309,0.0936087671223971,0.03366826672881771,0.0797071472197896,0.046994855396470574,0.10285388027444672,0.11357313056928026,0.13664788906593198,0.05510656777280277,0.03962418254636529,0.037202837445622375,0.02675884100121304,0.028172850444680677,0.07848227403002904
13,-12.990713241268363,0.12929667819000057,0.09875332462776751,0.033668266956817086,0.07958235702671687,0.04036141378823121,0.10285388004644735,0.11388446768944395,0.1412937825881874,0.0552524561578024,0.039617106900321296,0.037179145895541034,0.025600412247404263,0.024183927380492676,0.0784727805048266
14,-12.926071490714758,0.13096613103272042,0.1031328285749889,0.03366826718481646,0.07945776216923699,0.034664296286736944,0.10285387981844799,0.11415931766537561,0.14524142744914936,0.055374830696378136,0.03961003551917247,0.03715548778270341,0.024492568682234674,0.020759879010066786,0.07846328812797208
15,-12.817805230515301,0.13429139497450823,0.11015086202132608,0.03366826765157349,0.07920330137753713,0.02538570883697311,0.10285387935169096,0.11462906512798444,0.15154454592013175,0.05556554616491404,0.03959557014208812,0.03710714859665422,0.02237311995286129,0.015187730829422383,0.07844385905233497
16,-12.731214841259066,0.13749070651525516,0.1151392356040052,0.03366826811833051,0.07894965538887531,0.01859323057283514,0.10285387888493394,0.11500190334627891,0.15599295313444564,0.055694009691843384,0.03958111678970093,0.037058920200429994,0.020438616052687517,0.011113070912763753,0.07842443478761484
17,-12.674849580320844,0.13985855790609825,0.11793827215193843,0.03366826847617651,0.07875574422365471,0.014642487833581646,0.10285387852708794,0.11523872167621181,0.1584654249846158,0.05576110093175068,0.039570042511096276,0.03702201150821648,0.01907055118211218,0.008745391935003484,0.07840954615245604
18,-12.624966483979398,0.14215425283646832,0.12005219433428813,0.033668268834022505,0.07856230929661007,0.011532069686479523,0.10285387816924195,0.11544272357985168,0.16031048342966495,0.05580724901205852,0.03955897316946456,0.036985155229429564,0.0177948890322103,0.006882893046416128,0.07839466034379404
19,-12.580227212637851,0.1443797801515561,0.12162783054827417,0.0336682691918685,0.07836934944505568,0.009082394975631305,0.10285387781139596,0.1156208820331851,0.16166197786732842,0.05583697304408474,0.03954790828160191,0.03694834767610106,0.016605360260461152,0.005417271352363852,0.07837977736109233
20,-12.539669395240171,0.14653756166283172,0.12278011549876737,0.03366826954971449,0.07817686350762558,0.007152862629075685,0.10285387745354997,0.11577865163911133,0.1626247240636878,0.055853808194936454,0.03953684754886463,0.036911585952196936,0.015496127602468292,0.004263807493355555,0.07836489720381451
21,-12.502577785557309,0.14863030266189267,0.12359896291171873,0.03366826990756048,0.07798485032460187,0.005633455583700678,0.10285387709570398,0.11592029623984096,0.16328075794964944,0.055860517959730016,0.039525790812428005,0.03687486778321847,0.014461753507968342,0.0033562773905624283,0.07835001987142425
22,-12.468406282092198,0.1506608479974129,0.12415579634162104,0.03366827026540647,0.07779330873822522,0.004436773592010938,0.102853876737858,0.11604920106718966,0.16369527810989773,0.05585929640523607,0.03951473801046734,0.036838191354252856,0.01349717165469191,0.002642104362344874,0.07833514536338534
23,-12.427058267726844,0.15325106582297893,0.12458280031369345,0.03366827073779405,0.07754117754077403,0.003237224219114757,0.10285387626547042,0.11620426995294358,0.16395774827636184,0.05584839806730826,0.03950015341900071,0.036789836839370996,0.012322760883915988,0.0019269036078324306,0.07831551405344091
24,-12.389306936008376,0.1557447552450333,0.12474768544550413,0.03366827121018163,0.07728986349472369,0.0023620378869855714,0.10285387579308285,0.11634634486471113,0.1639770686389437,0.055829645491505604,0.039485575897166114,0.03674155006947404,0.011251768284651065,0.0014056700149150747,0.07829588766312243
25,-12.354576333848229,0.15814853784405938,0.1247221450942916,0.0336682716825692,0.07703936395500538,0.0017234554278012584,0.10285387532069527,0.11647881559845683,0.16381886225412623,0.055805235527875086,0.0394710057337478,0.03669332917427066,0.010275070152883148,0.0010257660430213116,0.0782762661911972
26,-12.32241865580937,0.160468796165994,0.12455839477072353,0.033668272154956776,0.07678967628419182,0.0012575583259498836,0.1028538748483077,0.11660414858536695,0.16353099758932652,0.05577676640527855,0.03945644328559111,0.03664517276936644,0.009384350920731336,0.0007488982577829485,0.07825664963643278
27,-12.292478838411867,0.16271159924321651,0.12429458838283962,0.03366827262734434,0.0765407978527339,0.0009176442861272046,0.10285387437592013,0.11672414439036381,0.16314851905857825,0.05574540460158993,0.03944188894620793,0.03659707982179242,0.008572030681793718,0.0005471177338954893,0.07823703799759708
28,-12.264470596078903,0.16488266532282075,0.12395856875859083,0.03366827309973191,0.07629272603911598,0.0006696375934118003,0.10285387390353257,0.11684011579485902,0.16269706188805153,0.05571200025806279,0.039427343125312986,0.036549049556828445,0.007831199502498592,0.00040005388372488877,0.0782174312734583
29,-12.232803328529437,0.16742365248782035,0.1234835788565185,0.03366827367184501,0.07599336016441154,0.0004572706457991805,0.10285387333141946,0.11697653128534215,0.16208440738872354,0.05566968267486476,0.0394097385377895,0.03649096274388324,0.007020705476228232,0.00027427077451575195,0.07819369196083917
30,-12.203289031375958,0.1698760181435932,0.12295785727861064,0.0336682742439581,0.07569516896664161,0.0003121961985079173,0.10285387275930637,0.11710964271541283,0.16142164248997776,0.05562605024778825,0.03939214776280549,0.03643296624319124,0.006295750711397268,0.00018845238577241884,0.07816995985303726
31,-12.175653499249522,0.17224776133605252,0.12239872306480694,0.033668274816071195,0.0753981478372178,0.00021324481021247984,0.10285387218719327,0.11724026465515185,0.16072492689935852,0.05558162860421025,0.039374571484516264,0.036375059488454355,0.005647298596578789,0.00012999127230992795,0.0781462349478662
32,-12.149671790049762,0.17454613666499327,0.12181818353781691,0.03366827538818428,0.07510229218539427,0.00014575124233767267,0.10285387161508018,0.11736896180660729,0.16000554724988733,0.055536781086430384,0.039357010345542,0.036317242049011524,0.005067265933057891,9.016365251714086e-05,0.07812251724314022
33,-12.125157088024679,0.1767777052228965,0.12122448618440558,0.03366827596029736,0.07480759743827237,9.965243588492646e-05,0.1028538710429671,0.1174961222931584,0.15927133314854855,0.05549175628470077,0.03933946494431303,0.03625951359097485,0.004548424011651063,6.29907052556632e-05,0.07809880673667424
34,-12.0972706993098,0.17939340459408745,0.12049727432440888,0.03366827665159493,0.07445305327015816,6.308530260125967e-05,0.10285387035166954,0.11764808712945579,0.15837181328551847,0.05543734653899404,0.039318286209073156,0.03618987729597476,0.003993998727094153,4.145993963553287e-05,0.07807016637973431
35,-12.07106738894319,0.18192948473208465,0.11976540739393306,0.03366827734289249,0.07410018942489194,4.0027044063720725e-05,0.10285386966037198,0.11779849588689169,0.15746476567275766,0.05538311262627541,0.03929713214950667,0.03612037015572599,0.0035094349364943995,2.789644857305776e-05,0.07804153652553772
36,-12.046355505383962,0.1843941620091538,0.11903309015901797,0.03366827803419004,0.07374899793835675,2.5367037947268496e-05,0.10285386896907443,0.11794754946880678,0.15655442407785447,0.055329178130983224,0.03927600357050486,0.03605099185406072,0.003085894681559154,1.9276898257563617e-05,0.07801291717023338
37,-12.022974376146042,0.18679464027729317,0.11830277796064487,0.03366827872548759,0.07339947088464985,1.6125108101626645e-05,0.10285386827777689,0.11809536748083642,0.15564338182082826,0.055275613550405944,0.039254901194685284,0.035981742122948926,0.0027156810863931216,1.384319997681132e-05,0.07798430830997168
38,-11.996652341491684,0.18958112817425188,0.11743699227840554,0.03366827954959646,0.07298495691212263,9.49571746243014e-06,0.10285386745366801,0.11827008093374937,0.15455884764889238,0.05521230339438851,0.03922977978520707,0.035899355866193805,0.0023347535002002954,9.941931552381715e-06,0.07795021685430965
39,-11.971834894808119,0.19229464527671852,0.1165781060181369,0.033668280373705325,0.07257278384047244,5.631183382218448e-06,0.10285386662955914,0.11844324625425955,0.15347792456095366,0.05514963020487392,0.03920469750782261,0.035817151600494035,0.002010236066603346,7.660181353246896e-06,0.0779161403016655
40,-11.94835929006921,0.19494314861194556,0.11572702543231574,0.03366828119781418,0.07216293844998174,3.4048873461663436e-06,0.10285386580545029,0.1186149174452515,0.15240184525318112,0.0550876155667682,0.039179655220195425,0.03573512897168445,0.0017337578966727797,6.336615868178178e-06,0.07788207864552513
41,-11.926087837416972,0.19753345542207254,0.11488426955765542,0.03366828202192303,0.07175540759547927,2.1454797626867804e-06,0.10285386498134144,0.11878513136462228,0.15133143651678221,0.0550262695941631,0.03915465367831333,0.035653287640186444,0.0014981863479068924,5.577920414566327e-06,0.07784803187937722
42,-11.904903010834833,0.20007140539904392,0.1140501462261542,0.03366828284603182,0.07135017822661258,1.4239068995730703e-06,0.10285386415723265,0.11895391580857186,0.15026728699413877,0.05496559625432807,0.03912969355108377,0.03557162728000009,0.0012974467729532399,5.132578504253189e-06,0.07781399999844568
43,-11.884703690684514,0.2025620039545045,0.11322479230000085,0.03366828367014061,0.07094723732547553,1.0063235128937281e-06,0.10285386333312387,0.11912129124331224,0.14920979030228487,0.054905594530225324,0.03910477542878345,0.035490147564536875,0.0011263671076646102,4.863921943755624e-06,0.07777998299449111
44,-11.865402247900517,0.20500954448414904,0.11240824610088267,0.033668284494249384,0.07054657196837821,7.676194121358089e-07,0.10285386250901508,0.1192872740330818,0.14815921665829893,0.05484626059549478,0.039079899837238134,0.035408848176729284,0.0009805434614619196,4.699200598311992e-06,0.07774598086101077
45,-11.846922245278156,0.20741771288882022,0.11160049833878534,0.03366828531835815,0.07014816930462482,6.309851682960876e-07,0.10285386168490632,0.11945187873568663,0.14711576402509333,0.05478758934117746,0.039055067245421154,0.035327728803092505,0.0008562259972647873,4.593740096635694e-06,0.07771199359150478
46,-11.806871448216938,0.21286756020987901,0.10976096028896852,0.033668287229443934,0.06923292122701502,4.7148516454967857e-07,0.10285385977382053,0.11982836263093147,0.1447241739388307,0.054654049055970315,0.03899764887749036,0.03514030621244314,0.0006337235164447037,4.440350647420061e-06,0.07763323520295075
47,-11.770204303354685,0.21815308800130112,0.10796753818588403,0.03366828914052967,0.0683296146349443,4.716470723642093e-07,0.1028538578627348,0.12019765755780383,0.14237258561326038,0.05452395487951171,0.03894046835505072,0.03495384617055488,0.0004796910834244271,4.3802364019930625e-06,0.07755455663152622
48,-11.73639335454162,0.22329618578752583,0.10621901855123746,0.033668291051615354,0.06743809375534308,6.668495406621478e-07,0.1028538559516491,0.12055990518016424,0.14006129871246878,0.05439721647863014,0.03888352917958414,0.034768344879668414,0.0003732001050841768,4.435721137983063e-06,0.07747595779635107
49,-11.705025610290868,0.2283133136172013,0.10451451890266941,0.03366829296270099,0.06655820480455818,6.368841902712726e-07,0.10285385404056346,0.12091526226735862,0.13779063624608867,0.05427375536225136,0.03882683426607669,0.03458379854644154,0.00029909278248997466,4.360700784555354e-06,0.07739743861662543
50,-11.675771645989002,0.23321613630848223,0.10285290582284723,0.03366829487378658,0.06568979601898263,2.3934903422821707e-07,0.10285385212947788,0.12126387301644581,0.13556044390077635,0.054153487255029525,0.03877038600066347,0.0344002033936607,0.000247314488914911,4.068430267126817e-06,0.07731899901163179
51,-11.663740284985021,0.23529731200371584,0.10214909078818679,0.033668295697895485,0.06531882111192056,2.0897245945060202e-07,0.10285385130536898,0.12141214547358949,0.13461092545973538,0.05410258194973474,0.038746120694105074,0.03432132506116037,0.00023009763791493243,4.025458073897712e-06,0.07728519838613945
52,-11.652033266421743,0.23735945548665813,0.1014527467382223,0.033668296522004384,0.06494994122913274,3.223125867631474e-07,0.10285385048126008,0.1215591913420953,0.1336686582453629,0.054052242176856086,0.03872190177858244,0.034242622606010936,0.000215289886610194,4.0686580714595905e-06,0.07725141253654676
53,-11.640633561069007,0.23940305774284995,0.10076394782094955,0.03366829734611327,0.06458314453850723,3.6699070882986836e-07,0.10285384965715119,0.12170502944701288,0.13273375520936234,0.054002466436262705,0.03869772938759676,0.03416409572128766,0.0002025470085594129,4.07123724359862e-06,0.07721764145639509
54,-11.629525446611215,0.24142857702823742,0.10008257640858309,0.03366829817022215,0.06421841927565751,3.677492058026519e-07,0.10285384883304231,0.1218496694237265,0.1318061521934284,0.0539532474047987,0.03867360364904814,0.03408574410460326,0.00019156301107722248,4.0476091412833825e-06,0.07718388513922872
55,-11.618208418566008,0.24352731472042397,0.0993780133697331,0.03366829903179033,0.06383931666675856,3.8022699362118734e-07,0.10285384797147412,0.12199961293168281,0.13084409042113698,0.053902377069745995,0.03864843131423958,0.03400401810996331,0.00018165774232276337,4.030195361968644e-06,0.07714861022837338
56,-11.607178820277356,0.24560716079112516,0.09868131672758654,0.03366829989335851,0.06346245201472939,3.8989157866580555e-07,0.10285384710990594,0.12214826843019083,0.12988986420588297,0.05385209926961895,0.038623310229403476,0.033922483001961455,0.00017314560227213736,4.0113937205768594e-06,0.07711335143866589
57,-11.596422412374572,0.24766850594701098,0.09799238262177364,0.03366830075492668,0.06308781210834284,3.917869354143246e-07,0.10285384624833778,0.12229564785000815,0.1289434190365742,0.05380240667767505,0.038598240516833346,0.033841138433689605,0.00016581110585309243,3.988149300249131e-06,0.07707810876273945
58,-11.56808563423725,0.2532572273889572,0.0961327473008793,0.03366830312949883,0.06206665376969878,3.7694450782256267e-07,0.10285384387376563,0.12269534707071826,0.12637458972641055,0.05366840627168511,0.03852941273251018,0.03361792715329812,0.00015019201382605944,3.913036285236281e-06,0.07698105958795937
59,-11.541485064030951,0.25871430242126453,0.09432907502843901,0.033668305504070906,0.061062024134798665,3.482873743054168e-07,0.10285384149919355,0.12308567696550546,0.12386309750022136,0.05353864377360141,0.03846097815227042,0.033396153317015564,0.00013958976997638383,3.831040890852938e-06,0.076884132605378
60,-11.516420172641775,0.26404524190026885,0.09257925921864249,0.0336683078786429,0.060073655662895936,3.296110843867565e-07,0.10285383912462155,0.12346686895393534,0.12140763562895772,0.0534129719489569,0.038392938647346976,0.033175809629757184,0.0001320576780742261,3.7564556533349794e-06,0.07678732766116265
61,-11.478701103737784,0.27241380939799076,0.0898575902307973,0.033668311720565905,0.058508363624592115,3.6437817225748766e-07,0.10285383528269855,0.12406478123002648,0.11755047567973427,0.05321797793128143,0.03828369484401739,0.0328223179401145,0.00012383894586380024,3.677953384173908e-06,0.07663096084076153
62,-11.4439978070756,0.2804820274901074,0.0872632784599336,0.033668315562488706,0.056983828894080775,5.893763416754418e-07,0.10285383144077574,0.1246403072865111,0.11383090124671649,0.0530327224031283,0.0381754949962106,0.03247251902170828,0.00011755265642511915,3.718749029466919e-06,0.07647491241654314
63,-11.435738597595812,0.28245375435523495,0.08663381534317373,0.03366831652296937,0.05660894270348905,5.90409434184858e-07,0.10285383048029507,0.12478079485817324,0.11292196164098275,0.05298786978890945,0.03814860860610234,0.032385642762062725,0.00011622630099577858,3.6962416798151243e-06,0.07643594998649794
64,-11.427633531042561,0.2844076820757579,0.08601187719396458,0.03366831748345003,0.05623652284834396,4.451255849810054e-07,0.10285382951981442,0.12491995648483424,0.11202132898735702,0.05294358829337093,0.038121787727462914,0.03229899491262786,0.00011507679473638143,3.5851460734709083e-06,0.0763970074066217
65,-11.419676959083242,0.2863441494773298,0.08539717383419275,0.03366831844393068,0.055866553063172744,3.75625240968431e-07,0.10285382855933378,0.12505779677941267,0.11112876498567077,0.05289986412900377,0.03809503241648663,0.03221257498974099,0.00011396287494097913,3.520154742952858e-06,0.07635808466680093
66,-11.411863538269415,0.28826334932007275,0.08478960261393502,0.03366831940441131,0.05549901723061836,3.7618597285520584e-07,0.10285382759885316,0.12519432903743757,0.11024419373218851,0.05285668938184972,0.03806834270843616,0.032126382505115125,0.00011289047589804833,3.498048283028516e-06,0.07631918175692881
67,-11.40497239668214,0.28997038684586013,0.08425063657994941,0.03366832026597928,0.05517138790104689,3.6257409770832827e-07,0.10285382673728519,0.12531570225848349,0.10945750389616157,0.05281842321483489,0.038044457416030804,0.03204925941293127,0.00011196116337441458,3.4697067968943203e-06,0.07628430202716849
68,-11.398188894136869,0.29166383173163773,0.08371729865896374,0.03366832112754724,0.054845692668942965,3.464221031848246e-07,0.10285382587571723,0.12543604493837132,0.10867716994703186,0.05278058859646255,0.03802062495451624,0.03197231857980253,0.0001110583847917802,3.439876139909492e-06,0.07624943823797213
69,-11.391509719659203,0.29334382467277226,0.08318950717417929,0.03366832198911519,0.054521920116811104,3.3777377793525834e-07,0.10285382501414927,0.12555536582458612,0.10790312868380157,0.05274317967756837,0.037996845340524416,0.031895559653068305,0.000110178930448233,3.4147671429096494e-06,0.07621459038205543
70,-11.380826016935393,0.2960568657587917,0.082339931045485,0.033668323395087095,0.05399766034708751,3.319629374442338e-07,0.10285382360817737,0.12574791425963847,0.10665335298374114,0.05268303178269946,0.0379581534856848,0.031770688250661,0.00010878670942210404,3.379207801856121e-06,0.07615775720278542
71,-11.370398836870578,0.2987350383476512,0.08150464147686177,0.033668324801058976,0.05347844161697248,3.28404328472735e-07,0.10285382220220549,0.12593780517548078,0.10541996472181098,0.05262397972596605,0.037919602440181985,0.03164629879314489,0.00010744046917706217,3.345422029440511e-06,0.07610096640313078
72,-11.360216149202707,0.3013789174321631,0.08068334241045584,0.03366832620703083,0.05296421545422243,3.2319989479182124e-07,0.10285382079623363,0.12612507691963878,0.10420273336618685,0.05256600044384057,0.03788119222649291,0.031522389744990116,0.00010613283734050036,3.311010016965673e-06,0.07604421795149299
73,-11.313071903231629,0.313974029847234,0.07681632757719223,0.033668333163832276,0.05049172932498892,1.857295946400078e-07,0.10285381383943218,0.12701436121493664,0.09841031529216486,0.052294186251542175,0.03769320861350965,0.030916302412913117,0.00010008337803235417,3.076740040766454e-06,0.07576404661458651
74,-11.302044219902717,0.317001555476419,0.07589794820970842,0.03366833490303254,0.049891841504160636,1.717305987495123e-07,0.10285381210023192,0.12722733155919697,0.09701988827285934,0.05222993291185016,0.03764675097893395,0.030766590254740947,9.864452977623148e-05,3.0323637659192964e-06,0.07569416520472552
75,-11.291289633274861,0.31998235911470707,0.07499792543311352,0.03366833664223276,0.04929908225634643,2.762174369043358e-07,0.10285381036103171,0.1274366807032226,0.09565168547532381,0.05216708364726642,0.03760050825072725,0.030617596354582912,9.72445472078688e-05,3.062746910915459e-06,0.07562434824989012
76,-11.280794943296884,0.32291737855270103,0.0741159173361438,0.03366833838143294,0.04871336548979876,3.47681127149003e-07,0.10285380862183154,0.12764247899252684,0.09430542455704143,0.05210560444713269,0.03755448020172679,0.030469317761834685,9.586899454420746e-05,3.0732922910576837e-06,0.07555459568986739
77,-11.270547884408883,0.32580749967705075,0.07325156917680936,0.03366834012063308,0.048134607530670344,2.798867489975262e-07,0.1028538068826314,0.1278447925317951,0.09298080335880896,0.05204546182393357,0.03750866655936136,0.03032175156484752,9.451664693144856e-05,2.996774508758662e-06,0.07548490746526963
78,-11.265559852819177,0.32722285986948335,0.0728297407003421,0.03366834098220071,0.04785045265030459,2.5536289247774806e-07,0.10285380602106377,0.12794374107351625,0.09233246017642376,0.05201615044391716,0.03748605064518014,0.03024891293591051,9.385551685333101e-05,2.9646064158704064e-06,0.07545040901549624
79,-11.260628460694297,0.3286275192061538,0.07241203283041146,0.03366834184376833,0.04756797522620466,2.6510447892623355e-07,0.10285380515949614,0.12804185377209482,0.0916892386408115,0.05198715234695043,0.03746348723158743,0.030176248065031396,9.32000046647071e-05,2.954236294472761e-06,0.07541592633205219
80,-11.255752436172253,0.33002157915641783,0.07199842455882982,0.03366834270533594,0.04728716535587128,2.739264217527735e-07,0.10285380429792854,0.12813913923156417,0.09105112075525276,0.0519584642852775,0.03744097627590495,0.030103756598060877,9.254997349936316e-05,2.9434719027595516e-06,0.07538145940773273
81,-11.250930552306059,0.33140513981690434,0.07158887204780344,0.03366834356690308,0.04700801334327286,2.7535977607476954e-07,0.1028538034363614,0.12823560477107618,0.09041806761585591,0.05193008232423511,0.03741851774557797,0.030031438219937347,9.190533488401812e-05,2.928163760181913e-06,0.0753470082536524
82,-11.246161617497247,0.332778301802661,0.07118332231829998,0.03366834442847022,0.04673050925274934,2.742766703864811e-07,0.10285380257479426,0.1283312572762965,0.08979003145735334,0.05190200224750367,0.037396111582268333,0.02995929253892176,9.126600980240395e-05,2.911389928794304e-06,0.07531257284428033
83,-11.24144448149912,0.3341411637537807,0.07078172540987747,0.033668345290037344,0.046454643356178646,2.7305437816384097e-07,0.10285380171322714,0.12842610361150492,0.08916696713992509,0.05187421996886421,0.03737375773770692,0.02988731920192017,9.063192449935071e-05,2.894665678470296e-06,0.07527815317242169
84,-11.212764371878976,0.34252134993580824,0.06833239934266386,0.03366835073464903,0.04474862394785419,3.144011834898016e-07,0.10285379626861546,0.12900724958696766,0.08534189404101472,0.05170529779246196,0.037233700863443256,0.029436452840012665,8.674215251265805e-05,2.8240576836557912e-06,0.07506100403512944
85,-11.205880808012871,0.34455557510988144,0.06774307569185535,0.033668352095801886,0.04433199474414738,3.176180839921911e-07,0.1028537949074626,0.12914775085099586,0.08441512654118331,0.05166478509646382,0.037199011153937374,0.029324798859612602,8.580014055777105e-05,2.8024997319808542e-06,0.07500681469028492
86,-11.199104648432241,0.34656615264902846,0.06716267205914704,0.03366835345695472,0.04391924498351964,2.711970524807329e-07,0.10285379354630977,0.12928638889316504,0.08349988888316864,0.05162493312444532,0.03716445075988375,0.029213567224041,8.486998573798293e-05,2.7487712480762704e-06,0.07495266446629839
87,-11.19243259290537,0.3485534346837468,0.066590964409193,0.03366835481810753,0.043510338086976526,2.4488012639631776e-07,0.10285379218515697,0.12942318594147112,0.08259597002016766,0.05158572575336242,0.03713001942253455,0.02910275653383038,8.395147337383847e-05,2.7084573084733603e-06,0.0748985533346447
88,-11.179388333211167,0.3524594520291453,0.06547304341616088,0.03366835754041307,0.04270391063678943,2.1362477579294295e-07,0.10285378946285144,0.129691355354003,0.0808215113423462,0.0515091916400151,0.03706154281688206,0.02888239244927311,8.214869661498415e-05,2.642757651226381e-06,0.0747904482355134
89,-11.166724467057715,0.35627626880469393,0.06438808368532861,0.03366836026271851,0.04191243010926388,2.236907751133493e-07,0.102853786740546,0.12995244992355987,0.0790905511974944,0.0514350760431797,0.03699357907456139,0.028663695535687605,8.039048018068884e-05,2.6052903667206847e-06,0.07468249916738304
90,-11.15441943576141,0.3600064380799819,0.06333494117047547,0.03366836298502385,0.04113561917966118,2.3557425288878876e-07,0.10285378401824066,0.1302066565779833,0.07740195316456257,0.05136327720210411,0.036926125799133194,0.028446654742099967,7.867555941874527e-05,2.570049738353842e-06,0.07457470590505408
91,-11.1424534629947,0.36365242247776963,0.062312503067045645,0.03366836570732909,0.04037320578129307,2.3586111719375034e-07,0.10285378129593542,0.13045415529984042,0.07575459514988313,0.05129369667935878,0.03685918045745802,0.028231259041405166,7.700274059730323e-05,2.5282254829528584e-06,0.07446706822365884
92,-11.115892130569716,0.3718020800818586,0.06005227260232997,0.03366837202498894,0.03865789057165266,2.283186623522721e-07,0.10285377497827557,0.1310036161813832,0.07208449906845657,0.05114025861701882,0.03670576207120463,0.02773766765110329,7.327671154587557e-05,2.42969248528932e-06,0.07421787143752426
93,-11.09086207900993,0.3795388753806941,0.057939267760431144,0.033668378342648256,0.037015465125681324,2.1229361956489893e-07,0.10285376866061625,0.13151992580134964,0.06861758264680591,0.05099715770014727,0.036555028868796684,0.027252740140851765,6.975791556656763e-05,2.3308207463017503e-06,0.07396950854989393
94,-11.067196331947365,0.38688886795137645,0.05596210031512791,0.03366838466030703,0.035442824882546436,2.001777023510334e-07,0.10285376234295748,0.13200501313916446,0.06534154108625806,0.05086337259280232,0.036406942529195734,0.02677634043934682,6.643372709352755e-05,2.239393473562164e-06,0.07372197677003943
95,-11.044753818243132,0.3938761059161895,0.05411049463484257,0.03366839097796526,0.03393700067325804,1.911719296405201e-07,0.10285375602529925,0.13246067081824728,0.06224489919896474,0.05073797474243201,0.036261462106013054,0.026308333458923257,6.329239414381026e-05,2.154572270123328e-06,0.0734752733167795
96,-11.007316296433022,0.4055313069753945,0.051084735986580754,0.03366840227118623,0.03140286535545448,1.772169832558699e-07,0.10285374473207828,0.13320702988356314,0.05712319199328314,0.05053210944746926,0.036007762266123636,0.02549223037101146,5.809861693642859e-05,2.0148947664087805e-06,0.07303632999685956
97,-10.972851445024288,0.4162134695353112,0.04838341920860536,0.03366841356440548,0.029057857680567796,1.6352795609622287e-07,0.10285373343885904,0.13387334434276624,0.05248446967474056,0.05034608212859931,0.03576199270806038,0.02470176087202901,5.339673923658833e-05,1.8877024764994926e-06,0.07260000888528013
98,-10.946173831263897,0.4244157042060387,0.046358890940021574,0.033668422942483144,0.02724417674269494,1.4515172288757088e-07,0.10285372406078137,0.13437123261242673,0.04896425000449842,0.05020415336425654,0.03556373153234942,0.024064290273527515,4.983006084053005e-05,1.7859529043993438e-06,0.07223966216494089
99,-10.921040549004424,0.4320661525959346,0.0445117253653416,0.03366843232055961,0.025543720539695586,1.356887380116691e-07,0.1028537146827049,0.13482298453221445,0.045717896286816266,0.050071740147714,0.035370589045634164,0.023443565756286793,4.654205597741278e-05,1.6970107347351947e-06,0.07188110398128363
100,-10.897282541543174,0.43921137716976777,0.042824303343920796,0.033668441698634886,0.02394941342787659,1.362154822170721e-07,0.10285370530462963,0.13523214127944472,0.042722140401025024,0.049947306266655764,0.03518240359791932,0.02283917594230104,4.350892837943483e-05,1.6209759505875667e-06,0.07152432545752209
101,-10.87475707725247,0.4458934899916251,0.04128105567892817,0.03366845107670897,0.02245461572234725,1.270827842449731e-07,0.10285369592655555,0.13560191225407198,0.03995583234764375,0.049829519626723905,0.03499901252608147,0.022250716502022653,4.070907181809918e-05,1.5444416911065658e-06,0.07116931776037072
102,-10.853342552533382,0.45215042872172745,0.0398682724286213,0.03366846045478186,0.021053111539629323,1.084691366649273e-07,0.10285368654848266,0.13593519309742,0.037399796947399845,0.04971723633888397,0.034820252931607475,0.02167779045904906,3.812292168724762e-05,1.4670501235512951e-06,0.0708160721008701
103,-10.821110508413234,0.4613688557141563,0.03784762573665217,0.033668475471391755,0.018988813965659043,9.862530910614826e-08,0.10285367153187276,0.13639934843396576,0.03370176374636777,0.049546480693949665,0.03454325675432626,0.02079177386847596,3.438292501736181e-05,1.3662345678718814e-06,0.07025408630787049
104,-10.79110624323087,0.46970906139133906,0.03608736604887464,0.033668490487998595,0.01712690409065562,9.43679546747339e-08,0.10285365651526593,0.13678611799314272,0.030435270079378105,0.04938401934969591,0.034277067291341445,0.0199430310656279,3.108104177723916e-05,1.2799997198046368e-06,0.06969656028694861
105,-10.763041611232662,0.47727825796315254,0.03455129037627969,0.033668505504602375,0.015447555727435386,8.532234896860035e-08,0.10285364149866215,0.13710368094436023,0.027545799180624258,0.04922725987630015,0.034021048120854665,0.019130054986783863,2.8161680113657697e-05,1.200178822502591e-06,0.06914345864960411
106,-10.73668099109516,0.48416926753553735,0.03320871127447248,0.0336685205212031,0.01393287643951394,7.638260825421335e-08,0.10285362648206142,0.13735911712101967,0.02498619461039253,0.04907418220046404,0.03377458582170172,0.01835138975044346,2.5576800941170202e-05,1.1287821132589104e-06,0.06859474628768267
107,-10.711829248052293,0.49046264219643454,0.03203354385902325,0.033668535537800776,0.012566719074180801,6.967969195442654e-08,0.10285361146546375,0.1375585783307954,0.022715610393729976,0.04892322692576346,0.033537092733466424,0.017605630481005267,2.3284809479257166e-05,1.0661519948783365e-06,0.06805038837135197
108,-10.688322958571217,0.49622834713179376,0.03100359737971163,0.03366855055439539,0.011334517754523933,6.368529265135733e-08,0.10285359644886913,0.1377074234351889,0.02069865272663437,0.048773209216822135,0.033308008473149985,0.016891422790153206,2.1249680990552857e-05,1.0103855014952438e-06,0.06751035034709293
109,-10.666023890841178,0.5015272473810999,0.030099947001865437,0.03366856557098695,0.010223136555868999,5.8042524806236114e-08,0.10285358143227756,0.13781033537312418,0.018904621659974797,0.048623245518044284,0.033086800833126456,0.016207462041669396,1.9440192830964694e-05,9.604711482154082e-07,0.06697459793555059
110,-10.644814079107386,0.5064124246789582,0.02930638855351831,0.03366858058757546,0.009220729081153534,5.307884365733644e-08,0.10285356641568906,0.1378714240435628,0.017306841829376217,0.048472690772780935,0.03287296620810412,0.015552492452199942,1.7829234987901413e-05,9.159440298230615e-07,0.06644309712932055
111,-10.617061382332961,0.5125783769784105,0.02836381708972084,0.03366860137743426,0.007993087891436268,4.6702098367765005e-08,0.10285354562583027,0.13789364816003277,0.015375938627896183,0.0482624462236773,0.03258821106973935,0.01469132488724526,1.588317814036867e-05,8.616943650573221e-07,0.06571421050409822
112,-10.590976142468255,0.518144512325218,0.027574946444805695,0.0336686221672872,0.006928937804741754,4.2946518052743106e-08,0.10285352483597733,0.13785090359522634,0.01372482716770554,0.04804945920349965,0.03231550917582219,0.013880358598536058,1.4219814534774572e-05,8.161838750229908e-07,0.06499331974641843
113,-10.566369294810933,0.5231990174134935,0.02691434404965562,0.03366864295713429,0.006006516246811696,3.61949944636813e-08,0.10285350404613025,0.13775030229807894,0.01230990603432122,0.04783333702966074,0.03205378722137897,0.013116699816840847,1.2794917215986883e-05,7.746376772060401e-07,0.0642803371467799
114,-10.543082212432504,0.5278163775326317,0.026360878380372304,0.03366866374697552,0.005206898479821847,3.968492517210751e-08,0.10285348325628903,0.1375979948866083,0.011094567932011226,0.04761392581674506,0.03180206562263293,0.012397612525406037,1.1571409538193263e-05,7.447797226926132e-07,0.06357517595660904
115,-10.520980503980917,0.5320590129506799,0.025897254240478878,0.03366868453681089,0.004513701248212328,1.6041485652044008e-08,0.10285346246645366,0.1373992885328399,0.010048377645294225,0.04739126797144315,0.03155945216043535,0.011720512015223155,1.0518424094331445e-05,7.013975346306046e-07,0.06287775037909513
116,-10.49994931495172,0.5359790949214909,0.025509241414484813,0.03366870532664041,0.003912770446699008,6.775357921298444e-08,0.10285344167662415,0.13715876627080076,0.009145976643706826,0.04716554505351887,0.03132513560337459,0.011082957971640989,9.610442916834097e-06,7.109261444672368e-07,0.062187975559057945
117,-10.472623005717951,0.5409181191383905,0.025078535573452496,0.033668733887803434,0.0032154590233552764,3.4688479365615726e-08,0.10285341311546113,0.13676745036473972,0.008102627880407956,0.046850937696389365,0.03101542093641252,0.010267365451611547,8.560716570303563e-06,6.607259999986998e-07,0.06125268081217273
118,-10.446914789229679,0.545424958632716,0.024744123295444183,0.033668762448955405,0.002642456292244346,1.4246314807773693e-08,0.10285338455430916,0.1363137882232111,0.007246135546381773,0.04653180854014979,0.03071828563082224,0.009516507420590275,7.699092275459233e-06,6.234818709876056e-07,0.0603314526055824
119,-10.42264370437926,0.5495757798900838,0.02448642168738798,0.03366879101009632,0.002171583895205561,2.2277962220878747e-08,0.10285335599316825,0.1358055390048294,0.006540406908107077,0.046208933660514005,0.03043224745148377,0.008825241095533856,6.989168688383692e-06,6.085763431800629e-07,0.05942407939131807
120,-10.399657546123048,0.5534318347384105,0.024290049424693216,0.03366881957122619,0.0017846103376496956,1.9688219749774968e-08,0.10285332743203839,0.13524938512536697,0.00595669479451915,0.045883075119866425,0.03015601492483444,0.0081888244137586,6.401908940945944e-06,5.897291953416153e-07,0.058530352802139786
121,-10.377827078021031,0.5570422274776132,0.024142939713498623,0.033668848132345,0.0014665833200625958,1.5008581535537495e-08,0.10285329887091957,0.1346510984159936,0.00547212380241874,0.0455549612212111,0.029888463464272153,0.007602886729684605,5.914270043448237e-06,5.719800840156873e-07,0.05765006760413474
122,-10.357041631275894,0.5604465719637723,0.02403555873452037,0.033668876693452754,0.0012052315616204658,1.5561513709223622e-08,0.10285327030981181,0.13401571311693078,0.005068398578433065,0.04522525858606673,0.029628614615901182,0.00706340116449594,5.50784344042592e-06,5.596313628473573e-07,0.056783021649516034
123,-10.327741372899585,0.5652153283197467,0.023933070430797163,0.03366891934852592,0.0008990962553810953,1.58480406635306e-08,0.10285322765473864,0.1330071764543696,0.004584817280558681,0.04473115333852799,0.029253067497107235,0.0063362266566957745,5.020708615150471e-06,5.437608026560371e-07,0.05551233645647468
124,-10.300293575026345,0.5696792228807391,0.023882903419351897,0.033668962003574436,0.0006708056761996599,1.2798455526070368e-08,0.10285318499969014,0.13193840810341798,0.0042110755949993466,0.04423642677780379,0.02889044248132423,0.005693296671260892,4.643799650256324e-06,5.284000176437817e-07,0.05427008640352035
125,-10.27447786393721,0.5739011001904286,0.02387072275992851,0.033669004658598296,0.0005005066045130877,1.1613063651431189e-08,0.10285314234466628,0.13082012562897352,0.003918960485348401,0.04374237766074516,0.028538800870503485,0.005124746987026907,4.348763742154584e-06,5.162519504070473e-07,0.05305563519055258
126,-10.250110992276902,0.5779274665368588,0.023886244103875846,0.0336690473135975,0.00037342127457588143,1.129778345807861e-08,0.10285309968966708,0.12966135190891032,0.003687894852038457,0.04325004935716645,0.02819656955581595,0.004621862273716948,4.114936218061951e-06,5.061558872721066e-07,0.051868360754322364
127,-10.22703894104934,0.5817928211731251,0.023922069204338956,0.033669089968572055,0.00027858981385161125,1.0570401703622448e-08,0.10285305703469252,0.12846972319192043,0.0035028739287799016,0.04276026692519824,0.02786247378124913,0.004176945295423587,3.927259741867141e-06,4.969128907813011e-07,0.050707654950400645
128,-10.205131016187474,0.5855232339561444,0.023972724909606766,0.033669132623521954,0.0002078502747503555,1.0078884377454633e-08,0.10285301437974263,0.1272517588974901,0.003352747676143548,0.042273660468828786,0.027535480916070255,0.003783199361549053,3.774549973466592e-06,4.88676071979998e-07,0.049572923241671216
